00010100011000100000000000000000
00010001111100000100000001100100
00010100011010100000000000000100
00010100011010000000000011001000
00010100011001100000000011111001
00010100011001000000000000110001
00010100000101001000000000000001
00000000111100000000000000000000
00010000000100001000000000000000
00010010001000000000001111111100
00010100000101101100000000000001
00010000000100001100000000000000
00010010001000000000001111111000
00010100011001000000000000110001
00010100000101001000000000000001
00000000111100000000000000000000
00010000000100001000000000000000
00010010001000000000001111111100
00010100000110010000000000000001
00010010001000000000001111110000
00010100000110110100000000000001
00010010001000000000001111101101
00010100000000100100000000000001
00010010000000000000001111101001